method,iterations,testSet,  elbow_y_constraint_min, elbow_y_constraint_max, arm_x_constraint_min, arm_x_constraint_max, wrist_z_constraint_min, wrist_z_constraint_max
KDL,      3,     grid_side, -3.14159,               3.14159,                -3.14159,             3.14159,             -3.14159,                3.14159
KDL,      3,     grid_side, 0.0,                    1.74533,                -1.8675,              1.309,               -1.571,                  1.571
trac_ik,  3,     grid_side, 0.0,                    1.74533,                -1.8675,              1.309,               -1.571,                  1.571
bio_ik,   3,     grid_side, 0.0,                    1.74533,                -1.8675,              1.309,               -1.571,                  1.571
L-BFGS-B, 3,     grid_side, 0.0,                    1.74533,                -1.8675,              1.309,               -1.571,                  1.571
SLSQP,    3,     grid_side, 0.0,                    1.74533,                -1.8675,              1.309,               -1.571,                  1.571
KDL,      3,     reachable, 0.0,                    1.74533,                -1.8675,              1.309,               -1.571,                  1.571
trac_ik,  3,     reachable, 0.0,                    1.74533,                -1.8675,              1.309,               -1.571,                  1.571
bio_ik,   3,     reachable, 0.0,                    1.74533,                -1.8675,              1.309,               -1.571,                  1.571
L-BFGS-B, 3,     reachable, 0.0,                    1.74533,                -1.8675,              1.309,               -1.571,                  1.571
SLSQP,    3,     reachable, 0.0,                    1.74533,                -1.8675,              1.309,               -1.571,                  1.571
KDL,      3,     random,    0.0,                    1.74533,                -1.8675,              1.309,               -1.571,                  1.571
trac_ik,  3,     random,    0.0,                    1.74533,                -1.8675,              1.309,               -1.571,                  1.571
bio_ik,   3,     random,    0.0,                    1.74533,                -1.8675,              1.309,               -1.571,                  1.571
L-BFGS-B, 3,     random,    0.0,                    1.74533,                -1.8675,              1.309,               -1.571,                  1.571
SLSQP,    3,     random,    0.0,                    1.74533,                -1.8675,              1.309,               -1.571,                  1.571
KDL,      3,     grid_top,  0.0,                    1.74533,                -1.8675,              1.309,               -1.571,                  1.571
trac_ik,  3,     grid_top,  0.0,                    1.74533,                -1.8675,              1.309,               -1.571,                  1.571
bio_ik,   3,     grid_top,  0.0,                    1.74533,                -1.8675,              1.309,               -1.571,                  1.571
L-BFGS-B, 3,     grid_top,  0.0,                    1.74533,                -1.8675,              1.309,               -1.571,                  1.571
SLSQP,    3,     grid_top,  0.0,                    1.74533,                -1.8675,              1.309,               -1.571,                  1.571
KDL,      3,     grid_side, -3.14159,               3.14159,                -1.8675,              1.309,               -1.571,                  1.571
KDL,      3,     grid_side, -2.96706,               3.14159,                -1.8675,              1.309,               -1.571,                  1.571
KDL,      3,     grid_side, -2.79253,               3.14159,                -1.8675,              1.309,               -1.571,                  1.571
KDL,      3,     grid_side, -2.61799,               3.14159,                -1.8675,              1.309,               -1.571,                  1.571
KDL,      3,     grid_side, -2.44346,               3.14159,                -1.8675,              1.309,               -1.571,                  1.571
KDL,      3,     grid_side, -2.26893,               3.14159,                -1.8675,              1.309,               -1.571,                  1.571
KDL,      3,     grid_side, -2.0944,                3.14159,                -1.8675,              1.309,               -1.571,                  1.571
KDL,      3,     grid_side, -1.91986,               3.14159,                -1.8675,              1.309,               -1.571,                  1.571
KDL,      3,     grid_side, -1.74533,               3.14159,                -1.8675,              1.309,               -1.571,                  1.571
KDL,      3,     grid_side, -1.5708,                3.14159,                -1.8675,              1.309,               -1.571,                  1.571
KDL,      3,     grid_side, -1.39626,               3.14159,                -1.8675,              1.309,               -1.571,                  1.571
KDL,      3,     grid_side, -1.22173,               3.14159,                -1.8675,              1.309,               -1.571,                  1.571
KDL,      3,     grid_side, -1.0472,                3.14159,                -1.8675,              1.309,               -1.571,                  1.571
KDL,      3,     grid_side, -0.872665,              3.14159,                -1.8675,              1.309,               -1.571,                  1.571
KDL,      3,     grid_side, -0.698132,              3.14159,                -1.8675,              1.309,               -1.571,                  1.571
KDL,      3,     grid_side, -0.523599,              3.14159,                -1.8675,              1.309,               -1.571,                  1.571
KDL,      3,     grid_side, -0.349066,              3.14159,                -1.8675,              1.309,               -1.571,                  1.571
KDL,      3,     grid_side, -0.174533,              3.14159,                -1.8675,              1.309,               -1.571,                  1.571
KDL,      3,     grid_side, 0.0,                    3.14159,                -1.8675,              1.309,               -1.571,                  1.571
KDL,      3,     grid_side, 0.0,                    2.96706,                -1.8675,              1.309,               -1.571,                  1.571
KDL,      3,     grid_side, 0.0,                    2.79253,                -1.8675,              1.309,               -1.571,                  1.571
KDL,      3,     grid_side, 0.0,                    2.61799,                -1.8675,              1.309,               -1.571,                  1.571
KDL,      3,     grid_side, 0.0,                    2.44346,                -1.8675,              1.309,               -1.571,                  1.571
KDL,      3,     grid_side, 0.0,                    2.26893,                -1.8675,              1.309,               -1.571,                  1.571
KDL,      3,     grid_side, 0.0,                    2.0944,                 -1.8675,              1.309,               -1.571,                  1.571
KDL,      3,     grid_side, 0.0,                    1.91986,                -1.8675,              1.309,               -1.571,                  1.571
KDL,      3,     grid_side, 0.0,                    1.74533,                -1.8675,              1.309,               -1.571,                  1.571
KDL,      3,     grid_side, 0.0,                    1.5708,                 -1.8675,              1.309,               -1.571,                  1.571
KDL,      3,     grid_side, 0.0,                    1.39626,                -1.8675,              1.309,               -1.571,                  1.571
KDL,      3,     grid_side, 0.0,                    1.22173,                -1.8675,              1.309,               -1.571,                  1.571
KDL,      3,     grid_side, 0.0,                    1.0472,                 -1.8675,              1.309,               -1.571,                  1.571
KDL,      3,     grid_side, 0.0,                    0.872665,               -1.8675,              1.309,               -1.571,                  1.571
KDL,      3,     grid_side, 0.0,                    0.698132,               -1.8675,              1.309,               -1.571,                  1.571
KDL,      3,     grid_side, 0.0,                    0.523599,               -1.8675,              1.309,               -1.571,                  1.571
KDL,      3,     grid_side, 0.0,                    0.349066,               -1.8675,              1.309,               -1.571,                  1.571
KDL,      3,     grid_side, 0.0,                    0.174533,               -1.8675,              1.309,               -1.571,                  1.571
KDL,      3,     grid_side, 0.0,                    0.0,                    -1.8675,              1.309,               -1.571,                  1.571
ga_simple,3,     reachable, 0.0,                    1.74533,                -1.8675,              1.309,               -1.571,                  1.571
ga_simple,3,     random,    0.0,                    1.74533,                -1.8675,              1.309,               -1.571,                  1.571
ga_simple,3,     grid_side, 0.0,                    1.74533,                -1.8675,              1.309,               -1.571,                  1.571
ga_simple,3,     grid_top,  0.0,                    1.74533,                -1.8675,              1.309,               -1.571,                  1.571
